8.044946837168606701e-02
-7.769608567878846794e-02
2.806030238242950697e-02
-2.453012089314143274e-01
8.046742743181283242e-01
-5.139333468301528901e-02
-3.693720574924246325e-01
2.466222001857552582e-01
-2.352094951009782164e-01
-1.528539312382814763e-01
-1.436586522379908470e-01
4.953909269551314831e-01
1.611368464682234880e-02
3.015315395302511359e-01
-1.579996265302126834e-01
-3.711630635404696010e-02
-9.590877168013423049e-02
-3.488892086511330426e-02
-1.607302634205194924e-01
-8.716181309226556095e-01
-8.190774740399460185e-01
-8.439750967907247992e-01
-5.825461443894217051e-02
-8.894681858657306206e-01
3.493455036112747547e-01
-8.593184515726066675e-01
3.196810975316460857e-01
2.953955743327932315e-01
-8.744072068307766621e-01
-2.112559972706351263e-01
2.725394244582551861e-01
9.243186751694553172e-01
-1.233871317730309836e-01
-1.124180249861952280e-01
3.547435651231438392e-02
-7.372859731660609539e-02
3.435845007522570493e-01
9.848049417998075428e-02
-1.921630945949731259e-02
-3.875007561126092015e-01
-4.504125016941908366e-01
-7.892831840071848348e-02
1.290002544341523061e-01
-8.830363581671353268e-01
-7.050238362371434864e-01
1.554411173103918513e-02
-7.490817255140836961e-01
3.926385076834765786e-01
3.243133150656520303e-01
-5.358648278354738448e-01
1.127395625080151731e-01
-1.981095047764505901e-01
-1.423239328668375603e-01
-1.262219271458714376e-01
2.943194696334728855e-01
3.901371994481649952e-01
-4.229550762899730865e-02
1.312452234288270236e-01
4.541869952194366178e-01
4.716556177904478175e-02
7.593630140003151952e-02
-5.010042324176487982e-01
1.646279866315948637e-01
-1.311108848001414084e-01
-2.288922172989580062e-01
-4.603080330714690027e-02
1.177412993162223753e-01
2.016170594477736944e-01
-9.004251628326982448e-01
3.657276096430834844e-01
-1.775418908247992367e-01
-9.014820920442805363e-01
-1.667093481178805181e-01
2.419313694823296834e-01
-8.110796062325992262e-02
-2.443982759330272092e-01
-1.189443296960232960e-01
9.742896043236455583e-02
-1.627306230685841848e-01
2.312299368342179140e-01
-1.727687935978169387e-01
-7.395279694830979300e-02
-9.586563222123496708e-02
-8.702974415559604493e-01
-4.003620996306944124e-01
-3.012301407366144712e-01
9.250691944874770423e-01
-1.609500740662133667e-01
-1.842967131400008451e-02
-4.375459005515214828e-01
7.012687743456609279e-01
3.451912697355659088e-01
5.174916192891819700e-01
2.218473856514933118e-01
1.745754794274106680e-01
1.410758702025898259e-01
-1.427136534160685921e-01
3.114699437214601269e-02
-2.308707484931608878e-01
8.892723770636601355e-02
4.199700417065903579e-01
1.487375455108657651e-01
3.109151200409933646e-01
2.605257066611362665e-02
1.331958598385256376e-01
-2.228110812747867431e-01
-8.902514246113116814e-01
-4.304514938706189842e-01
-5.218063229790306790e-02
4.528084180503373635e-02
-3.012920432644617397e-01
5.041604470416102823e-02
5.797990527012881756e-01
6.362879566557341771e-02
-9.599382093896426105e-02
-2.411536184855013476e-01
-7.059555527450775414e-02
4.392204218846228470e-01
3.760774328890367085e-02
-2.076611721499856122e-02
-8.804549201257870494e-02
9.791884939890911632e-02
1.627434560560495902e-01
-4.098184243187701081e-02
7.977773716194394571e-02
-1.500337382516447049e-01
9.285358672902813137e-02
-9.741825979868834473e-02
-4.423048819623962014e-01
2.523570585290489388e-01
-7.547384522049906952e-01
3.571643278132166088e-01
-2.034378348478371040e-02
-1.150332547942305994e-01
-1.308482165572464051e-01
1.819711735761941340e-01
1.439655672099827144e-01
-4.948021365143875361e-01
8.227382200312145788e-02
-5.125563232540953501e-02
8.313366287803423127e-01
-1.983973682011236361e-01
5.593092631741486409e-01
-2.239731206664783147e-01
1.991437450545183174e-01
1.630531489874115225e-01
-1.175942779466519206e-01
-3.797162574243684308e-01
2.143774429593025554e-01
7.641720908483262686e-02
-2.842750705151378399e-01
9.179392172077203149e-01
9.866001359245374358e-02
3.934261990427047051e-01
-8.840880829110762118e-01
-1.675042456466129259e-01
2.252686932466822778e-01
-3.831415835407217529e-02
-1.373301536648817156e-01
-5.666567532609307484e-02
1.672978078889646725e-01
-2.188567972727449573e-02
-1.961745765780553430e-01
7.413136234244169787e-01
7.242035677535671456e-02
-2.375733424924916515e-01
-8.749401127470478601e-01
6.008924868434841748e-01
6.998029631804648758e-03
-1.081084286299916486e-01
1.830713384095058738e-01
-1.980112660744619835e-01
2.837591326541000908e-02
4.019636264079851778e-02
-9.849225396557267573e-03
-2.683325574853138162e-01
-5.593129517041960375e-01
1.077761773229363347e-02
1.845993128933678951e-01
-2.517005466448567486e-01
1.506826307016169708e-01
2.189739101157617274e-02
1.283241711017047426e-01
-7.605061621763524460e-02
2.133684712411870743e-01
-1.977519158082313988e-01
-3.358085771500317340e-02
-4.461861983731431336e-02
3.778008143548754194e-02
-4.756808497098244937e-01
-1.971073304878437904e-01
3.444592800862227855e-01
2.579108009992977513e-01
8.725237477696817789e-01
-1.814636973231517625e-01
4.042729732049027414e-01
6.681456411403217943e-02
-3.660984379990908644e-01
-1.942677424968586308e-01
-6.116174629633345239e-01
4.433336935915594551e-03
6.454661544122530792e-01
1.960258939366583131e-01
-1.608701264311232781e-01
1.304553655409449175e-01
-1.711471824740111169e-01
2.996461649459689069e-02
-4.179227704017778044e-02
-2.707491481962114310e-01
-7.521570228711489392e-01
-6.879470603297428433e-01
-1.429937101174763858e-01
-1.869749886085861068e-01
4.531092098030093385e-01
5.216481636260285049e-01
-5.324058487686262470e-02
-1.171423343737751505e-01
1.009711495210524890e-01
3.522853571676807793e-01
2.125217303164230187e-01
-4.899506796120751961e-02
-3.048190849458897178e-01
4.114759852066396384e-01
9.091344133683192386e-01
5.512998960126844761e-01
-9.148035415647012281e-01
5.026196822748039139e-01
4.558494595823647799e-01
1.555309350538728597e-01
1.208396790018755190e-01
-3.953156732701224585e-01
1.430956946918199579e-01
6.728742236067893900e-01
-7.648423290382445894e-02
1.099738577027918884e-01
-2.497538476445310129e-01
-1.000877683635334817e-03
4.341099083568455974e-01
-9.146781125352391184e-01
-4.119771862770980064e-01
-5.029809731119400107e-01
2.281383024418920935e-01
-2.853841269783393697e-01
9.255651952062657895e-01
4.176341158813285381e-01
2.920874385564352083e-01
-6.413393943219651838e-01
-3.037313594601456779e-02
1.621017160235496135e-01
5.049985441450176582e-01
2.435588927222416544e-01
2.212467141273141702e-01
5.152539048538891109e-01
-1.736852146603388714e-01
-1.346819464285777257e-01
-6.479887166569933132e-01
-8.095170995060523289e-01
-2.940371483266353975e-02
3.223552511130788334e-01
5.542971160263261698e-04
-9.519484862241678336e-01
-4.613734223919810917e-01
-2.109184592755194709e-01
1.556728884118493417e-01
-4.994959488930667546e-01
