2.305804756129530841e-01
2.631342584124927719e-01
1.314278591420862119e-01
8.160833564374547766e-02
2.525628998224367372e-01
-2.548734957284929381e-01
-4.067532766537576561e-02
1.424888789226533836e-01
-5.918359539545559045e-01
-1.000000000000000000e+00
-5.376092222477913962e-01
-4.571582883224210025e-01
5.625976233557756778e-01
-2.880935257242184799e-01
-1.907008627975528836e-01
9.147010502823117450e-01
-9.850321729720703523e-01
-5.087358340402436951e-01
1.482236837391973650e-01
5.269505557931557505e-01
-3.717899987207687884e-01
3.589135469617149021e-01
3.402093668286490513e-01
-1.670567174788314957e-01
3.281721122460140583e-01
-9.801649546995865048e-02
1.000000000000000000e+00
3.903903741672997141e-01
1.000000000000000000e+00
-7.548916749003914406e-02
1.505999338997474069e-02
-1.129371642885642069e-01
1.549966327440662484e-01
1.906694700395575315e-01
5.261136229753212712e-01
1.000000000000000000e+00
-3.473214717516979189e-01
-1.349776483972751628e-01
-2.268512645374498593e-02
-3.147966289975099863e-01
8.669329492972157603e-01
3.431548705359829116e-02
1.000000000000000000e+00
1.000000000000000000e+00
-2.716115817268404120e-01
-9.656495558297331083e-01
-6.680198898055148549e-01
3.791476489808329187e-01
-2.138734868394879807e-01
-1.525607276577987115e-01
-1.403833269132085115e-01
2.680618386582954149e-01
-8.255551290958620392e-01
9.472686260425636218e-02
7.215176690444247143e-03
3.859705800606098025e-01
-4.771312121644016302e-01
-5.922381269159234796e-01
-1.109863197250626765e-02
-1.672932457090407499e-01
-7.054730079883654303e-01
8.447474150342426658e-01
-4.093628004298929257e-01
-1.340618725029558700e-01
1.223723988085261838e-01
3.295599423407570283e-01
9.964298294592867367e-03
6.242389403163817185e-01
-2.226024611488567895e-01
3.461362706905860009e-01
1.812024271297160427e-01
7.373217117833118228e-02
-9.746206043545259101e-01
-2.923554331727638012e-01
-1.766836339864653049e-01
3.422529308375073520e-01
5.682508066642709688e-01
-6.005840071026714577e-01
1.999759960904162193e-01
1.119617029590994350e-01
-3.327095385218987733e-01
9.613096288311788751e-01
4.802867979702848261e-02
4.858521331184215697e-01
-1.750066728726268617e-01
-4.038967885719368378e-01
7.093239846519425740e-01
-1.862890448337256588e-01
1.652881177601874321e-02
-8.822239599031805879e-01
-2.095125859892793541e-01
-2.625074755701348739e-01
1.618058069280347566e-01
4.579388652251071418e-02
-1.000000000000000000e+00
-1.058800253613945697e-01
1.000000000000000000e+00
2.505148181000079188e-01
-9.160914981437259796e-02
-1.000000000000000000e+00
4.319176173345659064e-01
7.346753658945516241e-01
-8.380189950582439540e-02
2.540063063020333023e-01
1.193858536349258759e-01
-1.649902822865795260e-01
-9.536937583312059263e-02
2.172519315891556224e-01
4.058408048964569637e-01
-2.429219728821187252e-01
-1.000000000000000000e+00
-2.328889389250211883e-01
-1.000000000000000000e+00
-2.615655107198406881e-01
9.958680182581948204e-01
-4.862625609997772019e-02
-1.752430347690141499e-01
-5.266315298649986154e-01
2.663346119769657849e-02
2.650972390681496371e-01
-2.543712722099500043e-03
2.688131749591173847e-01
2.289046029008995897e-01
2.954732660284963286e-01
-2.567976102553307105e-01
1.509370682746939418e-01
5.511016472676701916e-01
-8.234831695919864192e-01
-6.054023675629933710e-01
-3.945889967709643731e-01
-4.240075452529822320e-01
7.300015050404149441e-01
-5.865241876502852447e-01
2.186821357654459286e-01
-9.130892889354610409e-01
-1.587912331505504926e-01
6.858558044808199528e-01
8.705743678248454298e-01
-6.267220886699535753e-02
-2.346959362725258014e-01
2.710697452747733993e-01
1.291130339188097942e-01
1.000000000000000000e+00
-1.507692206179603589e-01
1.483015540298712048e-02
2.660938196882111084e-01
4.821987609260157681e-01
7.897304623040148075e-02
6.833095535791450237e-02
-9.214670785759779825e-01
-5.010670751271809609e-01
-3.557447268957738551e-01
1.000000000000000000e+00
-4.436702124897018429e-02
-1.859456711332830026e-01
4.579122156305710512e-01
-2.355206250095409626e-01
-3.186885574063845761e-01
3.170580138815788651e-02
1.000000000000000000e+00
4.849231213686522879e-01
4.785910235971695403e-01
-2.722939326971013374e-01
1.369936732970518101e-01
2.653204214854622961e-02
4.895870932704387557e-01
5.050672653770491571e-01
7.158676541031813723e-02
1.000000000000000000e+00
3.501886678579245737e-01
1.323394354941511697e-01
6.250213826953195939e-01
2.903798886342366936e-01
-2.188398563470134520e-02
-5.916733113579685233e-01
-1.844208054169978461e-01
-1.000000000000000000e+00
2.186164903128683390e-01
-6.643372844485546658e-01
9.469889400388017964e-02
9.362892167349776140e-02
1.394047692680117773e-02
2.815753988223547166e-01
-5.558812823970658151e-02
-3.288370235738160008e-01
2.825644078414119020e-01
7.332598784866578567e-02
-1.000000000000000000e+00
9.927988871464805687e-01
1.239281821187493970e-01
-5.685789758282939754e-01
-5.581785050406353615e-02
2.498332462735848303e-01
1.280779851084137833e-01
1.000000000000000000e+00
-3.897398871194570069e-01
-2.272710032287407200e-01
6.571395548439097622e-02
8.770207497810178499e-01
-1.152786265605072052e-02
1.127293714221299231e-01
1.376412055170755933e-01
-3.075605704762274795e-01
-1.289910803387397942e-01
-7.372959806216355938e-02
1.389571257778514646e-01
1.072245846129394470e-01
-2.523602854188977326e-02
6.562319751373715260e-01
1.941427367962056394e-01
-4.922312866965373179e-01
-6.900459535497258656e-01
2.818982517583453751e-01
2.855446971212391993e-01
1.922404533916029501e-01
-1.000000000000000000e+00
-2.027982758204525116e-01
-1.000000000000000000e+00
2.222977845264842156e-01
-1.000000000000000000e+00
-5.115181234990107129e-01
-3.948647878711050718e-02
-1.000000000000000000e+00
5.364577480831508316e-01
3.943785397715081631e-01
-3.122956279953718051e-01
-7.266074087890175837e-02
7.153162315265673143e-01
1.000000000000000000e+00
6.016641250790240036e-01
-1.995612613755863851e-01
1.000000000000000000e+00
1.535898800194319125e-01
8.000123621368815385e-01
-2.877351926568848528e-01
-3.041767351319764612e-01
-3.682379479250226240e-01
2.081204913974405990e-01
6.987904798061983502e-02
7.197015606535428489e-01
1.000000000000000000e+00
3.433010936034005534e-01
5.193802860656242526e-01
2.257457783494430104e-01
5.286672592881236366e-01
-4.977594604278822721e-01
-3.263687666808371413e-01
2.210366136593808761e-01
1.000000000000000000e+00
-1.078594392941790436e-01
5.415161343851601083e-01
-5.564366426538326360e-01
-2.557749631541820778e-01
2.063099271580910998e-01
5.079517671245886712e-01
-6.031260161226852101e-02
3.905608094573932987e-01
-3.735754245037975485e-02
3.560431253570383037e-01
-1.971255221597908447e-01
-1.858338422778061869e-03
-2.299927850811659957e-01
1.698564725210677528e-01
-1.332980496892022249e-01
1.496143561485864248e-01
