7.724195652079393071e-01
7.722065819212231563e-01
7.907762685017383220e-01
8.583095768464967801e-01
3.948314075689722813e-01
4.315974194727818514e-01
9.897493063270250691e-01
9.663589870954010230e-01
4.222190775739722568e-01
-5.859927236177833176e-01
1.000000000000000000e+00
8.758001937618626886e-01
-5.978298790040561528e-01
-2.209683634594891144e-01
-1.000000000000000000e+00
6.539919139639178702e-01
-4.795873661867489091e-01
-5.407621172737564486e-02
9.110557791915439019e-01
4.228325940448647291e-01
-7.786494834693982181e-01
-1.000000000000000000e+00
-4.425260946514011362e-01
-1.288855128872350431e-01
-8.093774015684140899e-01
-8.191025557473385899e-01
8.728509041683412129e-01
8.593627804317944818e-01
1.296803760646252357e-01
-7.379315250375423352e-01
1.000000000000000000e+00
1.000000000000000000e+00
1.247127309376150350e-03
-6.291834803489768646e-01
-1.000000000000000000e+00
-2.883558058545390157e-01
-1.306903833444450491e-02
2.537447030837455264e-01
-1.000000000000000000e+00
-5.181659112706022974e-01
3.457146986479961992e-01
-1.000000000000000000e+00
-7.423848185314234627e-01
-5.965219469788998197e-01
-5.727893316740715335e-01
-9.308505722812383532e-01
-3.030142637358579361e-01
3.196759618316040719e-01
4.086095250384162991e-01
-7.018160242597231147e-01
1.000000000000000000e+00
-1.471275877130964194e-01
5.114321002681969652e-01
-7.619971275081982576e-01
-6.878646589573087500e-01
-1.000000000000000000e+00
-4.095395660253520198e-01
-6.893967198624951775e-01
6.672708928753114943e-01
-4.899762908488694002e-01
-9.555363878572507019e-01
-5.185269393833988882e-01
-2.499220787774123487e-01
4.844482231113782511e-01
1.937535804199768119e-01
-1.000000000000000000e+00
7.296969326279673096e-02
-1.948011953026450582e-01
-3.048528269770010013e-01
1.000000000000000000e+00
1.000000000000000000e+00
7.726226513200137869e-02
3.336458912253554843e-01
6.829313390982240106e-01
2.697859993704505577e-01
9.079232127591957413e-03
1.000000000000000000e+00
2.915560553818763445e-02
1.000000000000000000e+00
4.095982525174620692e-01
5.438089858356200956e-01
1.000000000000000000e+00
-1.618200688190873926e-01
2.734369546711290511e-01
5.532064668188585443e-02
-2.774695319708726793e-02
1.000000000000000000e+00
5.104437611260232988e-01
-4.568456401278853107e-01
-5.212012552479270422e-01
9.845140680139290446e-01
-7.091136242196491857e-01
-7.040208720690843691e-02
-1.000000000000000000e+00
-6.570827138781341059e-01
-6.162269821873125331e-01
-3.248164294894877457e-01
8.440698463632504422e-01
8.968572792691555939e-01
3.638949385268472891e-01
-1.000000000000000000e+00
-1.000000000000000000e+00
-8.418386830777482288e-01
-8.899779669472209775e-01
1.000000000000000000e+00
5.405112756958361242e-01
-5.137505563966673350e-01
-5.651527167419183595e-01
4.921850658346249574e-02
5.541877162501058773e-01
-7.726717360768944332e-01
1.000000000000000000e+00
-1.000000000000000000e+00
-1.000000000000000000e+00
9.336259672933722165e-02
-3.709681928574221077e-01
-1.000000000000000000e+00
-4.870990577066345306e-01
-6.999555863077213669e-01
-1.000000000000000000e+00
-7.554344667508898770e-01
5.324070819810851063e-01
-1.132073511323150039e-01
-6.974951390026809528e-02
-7.139024428850562209e-01
8.960091408740222807e-01
5.787336496031272315e-01
-1.000000000000000000e+00
-7.823239076984387363e-01
-3.445635414026497756e-01
1.000000000000000000e+00
1.000000000000000000e+00
-6.314121416703877276e-01
9.568709171958305060e-01
5.355184928140014344e-01
2.294947790723131931e-01
-7.281987944485932562e-01
-4.169753452741428168e-01
7.448959197926385833e-02
-4.113728923807262738e-01
8.865913056072654008e-01
-8.479158627312122221e-02
2.084056825677267355e-01
7.840934148243123847e-01
5.809995537202228277e-01
-1.758693720373587510e-01
-1.000000000000000000e+00
7.367596414593844401e-01
-1.000000000000000000e+00
5.183835408500472863e-02
-7.160707170340390171e-01
5.402556384974530612e-01
8.105235349769612796e-02
-9.910255041879536542e-01
8.996381782717335351e-01
6.280538829192636729e-01
5.593427246383488871e-01
-1.000000000000000000e+00
-4.546915551898345065e-01
1.000000000000000000e+00
5.409563135311914461e-01
4.349219335019209876e-01
-1.000000000000000000e+00
1.000000000000000000e+00
8.298838717364549478e-01
3.162755061442850124e-01
-1.000000000000000000e+00
-2.529259469658673432e-01
1.000000000000000000e+00
1.000000000000000000e+00
-2.938498210940474475e-01
5.358870698705124891e-01
-1.825362558931304946e-01
1.000000000000000000e+00
-6.520518700928660261e-01
-3.138811323032242306e-01
2.599497313280207944e-01
-7.922289096033785505e-01
5.242441882878119408e-01
8.205499452383517855e-01
-5.942839197357105974e-01
-1.000000000000000000e+00
-5.399104033775536937e-01
-1.112391869684503654e-01
1.000000000000000000e+00
-1.235155557841818297e-01
1.000000000000000000e+00
5.029516764351384950e-01
1.000000000000000000e+00
1.000000000000000000e+00
9.076175607421301805e-01
-9.284287883031994149e-01
-7.257658082299078828e-02
-3.062417302852982193e-01
-2.758626114552344966e-01
1.000000000000000000e+00
7.076058238597227046e-01
6.895784161284157499e-01
-2.372384053827731876e-01
-1.267170020410886000e-01
-3.678485252203458344e-01
-7.950112208334203512e-01
1.000000000000000000e+00
-8.664476633297262254e-01
-1.000000000000000000e+00
-2.879960257242466515e-01
2.285392140349356005e-01
-5.381845384315744329e-01
1.000000000000000000e+00
4.068996033090533926e-01
-2.515699227134142735e-01
-1.000000000000000000e+00
5.356474196263578680e-01
6.371183787083340988e-01
2.497968713056211154e-01
-4.698617655863897014e-01
5.738284836499305541e-01
1.000000000000000000e+00
7.688799566327257917e-01
1.000000000000000000e+00
6.727912348045717028e-01
-9.571107445650403056e-01
9.285735133101440386e-01
5.287777806138171943e-01
-1.464278806851986303e-01
4.702719429277872898e-01
-5.588249097933739584e-01
1.000000000000000000e+00
7.416788863815448885e-02
-4.717880624085997177e-01
-1.000000000000000000e+00
-1.000000000000000000e+00
7.497118392272645870e-01
4.542002494550569924e-01
6.393045615445422936e-01
1.000000000000000000e+00
5.238049294412583379e-01
-9.553172812542451986e-01
-1.000000000000000000e+00
9.728100066675826607e-01
-1.104278744938070878e-01
-9.712396942533927380e-01
9.879550129834577810e-01
-6.381632828787471290e-01
-1.000000000000000000e+00
-9.094583889854073178e-01
7.095065606339072684e-01
8.969408375493577168e-01
1.775676240095913905e-01
-4.402249729407777812e-01
1.000000000000000000e+00
-1.000000000000000000e+00
3.083283660737142773e-01
-6.569980323214674733e-02
-1.000000000000000000e+00
-6.918941869510761844e-01
9.568460502772033749e-01
8.089417291144989086e-01
-5.668898488782239120e-01
8.374861804616076100e-01
-5.211280555216122323e-01
2.291307843688298596e-01
-5.909306191750931525e-01
-1.850320388341009092e-02
-3.413613560136538050e-01
